18 236
26 247
72 56
81 75
84 289
87 298
88 292
90 81
90 265
92 109
93 229
94 84
94 383
94 386
95 93
97 390
98 379
99 90
99 102
100 318
100 324
100 331
101 311
101 382
102 108
102 297
103 278
103 283
103 289
103 365
103 374
104 272
104 286
104 315
105 327
106 278
107 313
107 318
107 349
108 110
108 300
108 305
108 335
108 339
108 401
109 328
110 272
110 283
110 290
110 294
110 321
110 332
111 310
111 314
111 318
112 110
112 297
112 300
113 358
114 257
114 263
114 273
114 350
115 241
115 247
115 251
119 180
119 191
120 176
121 81
122 141
123 78
123 101
123 118
123 137
124 121
124 248
125 95
126 188
129 199
134 233
136 186
143 41
144 205
144 221
146 228
146 236
148 196
151 228
155 191
155 200
155 240
159 199
160 239
161 228
165 224
165 234
187 30
249 335
