10 120
10 131
11 110
12 142
14 99
14 131
14 151
15 109
19 89
19 151
19 163
21 116
22 139
22 144
22 160
23 90
23 109
24 148
24 171
25 79
27 137
28 107
28 169
30 111
30 147
31 117
32 71
32 136
32 141
32 180
33 108
34 145
35 74
36 167
37 83
37 86
38 115
38 136
38 172
40 168
40 187
41 63
41 93
42 83
42 160
42 163
43 88
43 174
43 184
47 169
48 85
50 57
50 117
50 169
51 134
51 194
52 61
52 128
53 123
56 103
56 148
57 186
58 64
58 140
59 70
59 112
60 53
60 127
61 176
61 194
61 198
62 148
62 152
62 169
62 188
63 72
63 81
63 143
64 128
65 97
65 103
65 160
65 179
65 185
66 61
66 190
67 73
67 155
68 132
69 66
69 109
70 149
70 155
70 180
71 54
71 136
72 49
72 84
72 96
72 201
73 120
74 147
75 102
75 108
75 126
76 117
76 134
76 139
76 143
77 96
78 108
78 149
79 101
79 113
79 139
79 175
81 48
81 75
81 96
81 155
82 117
82 127
82 136
82 198
82 203
84 112
84 121
85 136
87 62
88 126
88 149
88 188
89 114
89 133
89 143
90 101
90 107
90 119
91 155
91 159
92 135
93 48
93 52
93 122
93 128
93 203
94 95
94 101
94 150
94 163
95 87
97 127
97 184
98 58
98 122
99 89
99 162
99 181
100 107
100 110
100 118
100 143
100 192
101 70
102 155
103 49
103 62
103 186
103 197
104 120
104 180
104 201
106 123
106 128
107 101
107 110
107 150
107 180
108 190
109 61
110 118
110 132
111 155
114 70
114 75
114 122
114 127
114 198
115 53
115 147
115 175
116 103
117 68
118 176
120 65
120 79
120 182
120 185
121 88
122 162
124 57
124 76
124 175
125 126
125 193
126 69
126 97
126 153
129 86
129 103
129 180
130 149
130 164
131 145
132 67
132 89
133 63
134 83
134 187
135 94
135 157
137 79
137 89
137 172
139 168
139 177
140 83
140 104
140 148
141 181
142 70
142 111
143 101
143 139
143 163
144 86
145 150
146 82
147 111
149 140
150 80
150 126
150 171
151 98
152 142
152 147
152 160
153 106
155 88
155 163
156 100
159 141
160 99
160 120
160 151
163 108
163 141
164 119
164 130
179 36
180 39
180 110
181 152
181 155
181 160
181 230
181 236
182 114
183 109
183 227
184 25
184 224
185 36
185 42
186 113
186 150
186 161
187 72
187 141
187 217
188 31
188 37
188 107
189 27
189 34
189 113
189 144
189 159
190 154
191 186
191 223
191 243
192 72
192 100
192 112
192 149
193 21
193 33
194 28
194 107
194 223
195 113
195 136
195 153
195 156
195 185
195 218
195 242
196 36
196 77
196 195
196 214
197 116
198 178
199 70
199 75
199 103
199 138
199 157
200 33
200 42
200 153
200 215
200 224
200 228
201 110
201 191
202 26
202 76
202 181
203 70
203 134
204 102
204 105
205 42
205 157
205 189
206 26
206 76
206 227
208 33
208 110
208 116
208 137
208 183
209 42
209 65
209 80
210 102
210 196
210 223
211 29
211 230
212 17
212 37
214 23
214 107
214 112
214 158
214 225
216 104
218 41
218 225
221 148
224 29
224 171
225 19
225 99
225 163
226 94
228 49
228 82
228 118
228 187
228 224
229 26
230 43
230 230
231 21
231 33
231 109
231 123
231 134
231 192
231 235
231 241
232 38
232 49
232 55
232 59
232 64
232 68
232 77
232 113
232 118
232 128
232 139
232 145
232 149
232 177
232 182
232 187
232 201
232 209
232 216
232 224
233 205
235 168
236 33
236 55
236 59
236 73
236 99
236 108
236 135
236 165
236 201
236 220
237 20
237 28
237 38
237 44
237 49
237 64
237 69
237 78
237 83
237 114
237 119
237 125
237 130
237 140
237 145
237 150
237 177
237 182
237 187
237 194
237 210
237 225
237 231
237 238
